1771430366933 0.999885587887571 0
1771430366933 0.999885587887571 0
1771430366933 0.999885587887571 0
1771430366933 0.999885587887571 0
1771430366933 0.999885587887571 0
1771430366933 0.999885587887571 0
1771430366933 0.999885587887571 0
1771430366933 0.999885587887571 0
1771430366933 0.999885587887571 0
1771430366933 0.999885587887571 0
1771430366933 0.999885587887571 0
1771430366933 0.999885587887571 0
1771430366933 0.999885587887571 0
1771430366933 0.999885587887571 0
1771430366933 0.999885587887571 0
1771430366933 0.999885587887571 0
1771430366933 0.999885587887571 0
1771430366933 0.999885587887571 0
1771430366933 0.999885587887571 0
1771430366933 0.999885587887571 0
1771430366933 0.999885587887571 0
1771430366933 0.999885587887571 0
1771430366933 0.999885587887571 0
1771430366933 0.999885587887571 0
1771430366933 0.999885587887571 0
1771430366933 0.999885587887571 0
1771430366933 0.999885587887571 0
1771430366933 0.999885587887571 0
1771430366933 0.999885587887571 0
1771430366933 0.999885587887571 0
1771430366933 0.999885587887571 0
1771430366933 0.999885587887571 0
