1771430366934 0.9999046547548673 0
1771430366934 0.9999046547548673 0
1771430366934 0.9999046547548673 0
1771430366934 0.9999046547548673 0
1771430366934 0.9999046547548673 0
1771430366934 0.9999046547548673 0
1771430366934 0.9999046547548673 0
1771430366934 0.9999046547548673 0
1771430366934 0.9999046547548673 0
1771430366934 0.9999046547548673 0
1771430366934 0.9999046547548673 0
1771430366934 0.9999046547548673 0
1771430366934 0.9999046547548673 0
1771430366934 0.9999046547548673 0
1771430366934 0.9999046547548673 0
1771430366934 0.9999046547548673 0
1771430366934 0.9999046547548673 0
1771430366934 0.9999046547548673 0
1771430366934 0.9999046547548673 0
1771430366934 0.9999046547548673 0
1771430366934 0.9999046547548673 0
1771430366934 0.9999046547548673 0
1771430366934 0.9999046547548673 0
1771430366934 0.9999046547548673 0
1771430366934 0.9999046547548673 0
1771430366934 0.9999046547548673 0
1771430366934 0.9999046547548673 0
1771430366934 0.9999046547548673 0
1771430366934 0.9999046547548673 0
1771430366934 0.9999046547548673 0
1771430366934 0.9999046547548673 0
1771430366934 0.9999046547548673 0
