1771430366934 0.999939141362689 0
1771430366934 0.999939141362689 0
1771430366934 0.999939141362689 0
1771430366934 0.999939141362689 0
1771430366934 0.999939141362689 0
1771430366934 0.999939141362689 0
1771430366934 0.999939141362689 0
1771430366934 0.999939141362689 0
1771430366934 0.999939141362689 0
1771430366934 0.999939141362689 0
1771430366934 0.999939141362689 0
1771430366934 0.999939141362689 0
1771430366934 0.999939141362689 0
1771430366934 0.999939141362689 0
1771430366934 0.999939141362689 0
1771430366934 0.999939141362689 0
1771430366934 0.999939141362689 0
1771430366934 0.999939141362689 0
1771430366934 0.999939141362689 0
1771430366934 0.999939141362689 0
1771430366934 0.999939141362689 0
1771430366934 0.999939141362689 0
1771430366934 0.999939141362689 0
1771430366934 0.999939141362689 0
1771430366934 0.999939141362689 0
1771430366934 0.999939141362689 0
1771430366934 0.999939141362689 0
1771430366934 0.999939141362689 0
1771430366934 0.999939141362689 0
1771430366934 0.999939141362689 0
1771430366934 0.999939141362689 0
1771430366934 0.999939141362689 0
