1771430366933 0.9999237223493517 0
1771430366933 0.9999237223493517 0
1771430366933 0.9999237223493517 0
1771430366933 0.9999237223493517 0
1771430366933 0.9999237223493517 0
1771430366933 0.9999237223493517 0
1771430366933 0.9999237223493517 0
1771430366933 0.9999237223493517 0
1771430366933 0.9999237223493517 0
1771430366933 0.9999237223493517 0
1771430366933 0.9999237223493517 0
1771430366933 0.9999237223493517 0
1771430366933 0.9999237223493517 0
1771430366933 0.9999237223493517 0
1771430366933 0.9999237223493517 0
1771430366933 0.9999237223493517 0
1771430366933 0.9999237223493517 0
1771430366933 0.9999237223493517 0
1771430366933 0.9999237223493517 0
1771430366933 0.9999237223493517 0
1771430366933 0.9999237223493517 0
1771430366933 0.9999237223493517 0
1771430366933 0.9999237223493517 0
1771430366933 0.9999237223493517 0
1771430366933 0.9999237223493517 0
1771430366933 0.9999237223493517 0
1771430366933 0.9999237223493517 0
1771430366933 0.9999237223493517 0
1771430366933 0.9999237223493517 0
1771430366933 0.9999237223493517 0
1771430366933 0.9999237223493517 0
1771430366933 0.9999237223493517 0
