1771430366934 0.9999833333333333 0
1771430366934 0.9999833333333333 0
1771430366934 0.9999833333333333 0
1771430366934 0.9999833333333333 0
1771430366934 0.9999833333333333 0
1771430366934 0.9999833333333333 0
1771430366934 0.9999833333333333 0
1771430366934 0.9999833333333333 0
1771430366934 0.9999833333333333 0
1771430366934 0.9999833333333333 0
1771430366934 0.9999833333333333 0
1771430366934 0.9999833333333333 0
1771430366934 0.9999833333333333 0
1771430366934 0.9999833333333333 0
1771430366934 0.9999833333333333 0
1771430366934 0.9999833333333333 0
1771430366934 0.9999833333333333 0
1771430366934 0.9999833333333333 0
1771430366934 0.9999833333333333 0
1771430366934 0.9999833333333333 0
1771430366934 0.9999833333333333 0
1771430366934 0.9999833333333333 0
1771430366934 0.9999833333333333 0
1771430366934 0.9999833333333333 0
1771430366934 0.9999833333333333 0
1771430366934 0.9999833333333333 0
1771430366934 0.9999833333333333 0
1771430366934 0.9999833333333333 0
1771430366934 0.9999833333333333 0
1771430366934 0.9999833333333333 0
1771430366934 0.9999833333333333 0
1771430366934 0.9999833333333333 0
