1771430366935 0.9999218980587782 0
1771430366935 0.9999218980587782 0
1771430366935 0.9999218980587782 0
1771430366935 0.9999218980587782 0
1771430366935 0.9999218980587782 0
1771430366935 0.9999218980587782 0
1771430366935 0.9999218980587782 0
1771430366935 0.9999218980587782 0
1771430366935 0.9999218980587782 0
1771430366935 0.9999218980587782 0
1771430366935 0.9999218980587782 0
1771430366935 0.9999218980587782 0
1771430366935 0.9999218980587782 0
1771430366935 0.9999218980587782 0
1771430366935 0.9999218980587782 0
1771430366935 0.9999218980587782 0
1771430366935 0.9999218980587782 0
1771430366935 0.9999218980587782 0
1771430366935 0.9999218980587782 0
1771430366935 0.9999218980587782 0
1771430366935 0.9999218980587782 0
1771430366935 0.9999218980587782 0
1771430366935 0.9999218980587782 0
1771430366935 0.9999218980587782 0
1771430366935 0.9999218980587782 0
1771430366935 0.9999218980587782 0
1771430366935 0.9999218980587782 0
1771430366935 0.9999218980587782 0
1771430366935 0.9999218980587782 0
1771430366935 0.9999218980587782 0
1771430366935 0.9999218980587782 0
1771430366935 0.9999218980587782 0
