1771430366053 1.0 0
1771430366053 1.0 0
1771430366053 1.0 0
1771430366053 1.0 0
1771430366053 1.0 0
1771430366053 1.0 0
1771430366053 1.0 0
1771430366053 1.0 0
1771430366053 1.0 0
1771430366053 1.0 0
1771430366053 1.0 0
1771430366053 1.0 0
1771430366053 1.0 0
1771430366053 1.0 0
1771430366053 1.0 0
1771430366053 1.0 0
1771430366053 1.0 0
1771430366053 1.0 0
1771430366053 1.0 0
1771430366053 1.0 0
1771430366053 1.0 0
1771430366053 1.0 0
1771430366053 1.0 0
1771430366053 1.0 0
1771430366053 1.0 0
1771430366053 1.0 0
1771430366053 1.0 0
1771430366053 1.0 0
1771430366053 1.0 0
1771430366053 1.0 0
1771430366053 1.0 0
1771430366053 1.0 0
