1771430366027 0.9999833333333333 0
1771430366027 0.9999833333333333 0
1771430366027 0.9999833333333333 0
1771430366027 0.9999833333333333 0
1771430366027 0.9999833333333333 0
1771430366027 0.9999833333333333 0
1771430366027 0.9999833333333333 0
1771430366027 0.9999833333333333 0
1771430366027 0.9999833333333333 0
1771430366027 0.9999833333333333 0
1771430366027 0.9999833333333333 0
1771430366027 0.9999833333333333 0
1771430366027 0.9999833333333333 0
1771430366027 0.9999833333333333 0
1771430366027 0.9999833333333333 0
1771430366027 0.9999833333333333 0
1771430366027 0.9999833333333333 0
1771430366027 0.9999833333333333 0
1771430366027 0.9999833333333333 0
1771430366027 0.9999833333333333 0
1771430366027 0.9999833333333333 0
1771430366027 0.9999833333333333 0
1771430366027 0.9999833333333333 0
1771430366027 0.9999833333333333 0
1771430366027 0.9999833333333333 0
1771430366027 0.9999833333333333 0
1771430366027 0.9999833333333333 0
1771430366027 0.9999833333333333 0
1771430366027 0.9999833333333333 0
1771430366027 0.9999833333333333 0
1771430366027 0.9999833333333333 0
1771430366027 0.9999833333333333 0
